== io5_dec0 ==
totals_ops_sec 4882927.53
used_memory:10952591720
used_memory_rss:11038715904
110000000
rss_samples:
2839423	14048
2839428	1606280
2839433	3206576
2839438	4697468
2839443	6253856
2839448	8830600
2839453	9177340
2839458	9977924
2839463	11271960
2839468	10788032
2839473	10788424
2839478	10788408
2839483	10788400
2839488	10788356
2839493	10788468
2839498	10788448
2839503	10788512
2839508	10788508
2839513	10788548
2839518	10788604
2839523	10788552
2839528	10788612
2839533	10788576
2839538	10788584
2839543	10788544
2839548	10788532
2839553	10788572
2839558	10788536
2839563	10788496
2839568	10788564
2839573	10788516
2839578	10788592
2839583	10788556
2839588	10788476
2839593	10788468
2839598	10788528
2839603	10788544
2839608	10788552
2839613	10788580
2839618	10788588
2839623	10788608
2839628	10788532
2839633	10788576
2839638	10788564
2839643	10788464
2839648	10788548
2839653	10788500
2839658	10788504
2839663	10788484
2839668	10788564
2839673	10788560
2839678	10788608
2839683	10788540
2839688	10788532
2839693	10788496
2839698	10788548
2839703	10788516
2839708	10788540
2839713	10788532
2839718	10788584
2839723	10788576
2839728	10788556
2839733	10788564
2839738	10788544
2839743	10788468
2839748	10788536
2839753	10788520
2839758	10788540
2839763	10788524
2839768	10788532
2839773	10788540
2839778	10788572
2839783	10788584
2839788	10788576
2839793	10788596
